image_width: 1280
image_height: 720
camera_name: camera
camera_matrix:
  rows: 3
  cols: 3
  data:
    [
      730.3286743164062,
      0.0,
      629.1959838867188,
      0.0,
      730.3286743164062,
      369.4054870605469,
      0.0,
      0.0,
      1.0
    ]
distortion_model: plumb_bob
distortion_coefficients:
  rows: 1
  cols: 5
  data: [0.000000, 0.000000, 0.000000, 0.000000, 0.000000]
rectification_matrix:
  rows: 3
  cols: 3
  data:
    [
      1.000000,
      0.000000,
      0.000000,
      0.000000,
      1.000000,
      0.000000,
      0.000000,
      0.000000,
      1.000000,
    ]
projection_matrix:
  rows: 3
  cols: 4
  data:
    [
      730.3286743164062,
      0.0,
      629.1959838867188,
      0.0,
      0.0,
      730.3286743164062,
      369.4054870605469,
      0.0,
      0.0,
      0.0,
      1.0,
      0.0
    ]
