[LEFT_CAM_2K]
fx=1544.16
fy=1543.9
cx=1106.08
cy=637.335
k1=-0.036391
k2=0.0227724
k3=-0.00415929
k4=-0.00149554

[LEFT_CAM_HD]
fx=772.08
fy=771.95
cx=639.54
cy=366.6675
k1=-0.036391
k2=0.0227724
k3=-0.00415929
k4=-0.00149554

[RIGHT_CAM_HD]
fx=770.13
fy=769.805
cx=636.66
cy=369.673
k1=-0.0351567
k2=0.022903
k3=-0.0112733
k4=0.00515201

[LEFT_CAM_VGA]
fx=386.04
fy=385.975
cx=335.27
cy=190.83375
k1=-0.036391
k2=0.0227724
k3=-0.00415929
k4=-0.00149554

[RIGHT_CAM_VGA]
fx=385.065
fy=384.9025
cx=333.83
cy=192.3365
k1=-0.0351567
k2=0.022903
k3=-0.0112733
k4=0.00515201

[STEREO]
Baseline=62.9339
TY=0.159019
TZ=-0.201133
CV_2K=0.0088182
CV_FHD=0.0088182
CV_HD=0.0088182
CV_VGA=0.0088182
RX_2K=-0.00404851
RX_FHD=-0.00404851
RX_HD=-0.00404851
RX_VGA=-0.00404851
RZ_2K=-7.25744e-05
RZ_FHD=-7.25744e-05
RZ_HD=-7.25744e-05
RZ_VGA=-7.25744e-05

[MISC]
Sensor_ID=0


